zmap
51 21
3.58291029808 3.56385418024 3.54637131017 3.53059380537 3.51664500143 3.5046372195 3.49466964123 3.48682636124 3.4811746848 3.47776373223 3.47662340201 3.47776373223 3.4811746848 3.48682636124 3.49466964123 3.5046372195 3.51664500143 3.53059380537 3.54637131017 3.56385418024 3.58291029808
3.52204063008 3.50132913864 3.48230833499 3.46512714934 3.44992492335 3.4368288041 3.42595125442 3.41738776447 3.41121484644 3.4074883875 3.40624242431 3.4074883875 3.41121484644 3.41738776447 3.42595125442 3.4368288041 3.44992492335 3.46512714934 3.48230833499 3.50132913864 3.52204063008
3.45814727227 3.43562747553 3.41492424889 3.39620551469 3.37962874631 3.36533792643 3.35346063046 3.34410533755 3.33735906848 3.33328544171 3.33192322503 3.33328544171 3.33735906848 3.34410533755 3.35346063046 3.36533792643 3.37962874631 3.39620551469 3.41492424889 3.43562747553 3.45814727227
3.39114047058 3.3666472804 3.34410533755 3.32370398688 3.30562121171 3.2900200851 3.27704535445 3.26682028302 3.25944386858 3.2549885501 3.25349849656 3.2549885501 3.25944386858 3.26682028302 3.27704535445 3.2900200851 3.30562121171 3.32370398688 3.34410533755 3.3666472804 3.39114047058
3.3209466173 3.29430269424 3.26975379588 3.24751338504 3.22778260115 3.2107461229 3.1965681719 3.18538880561 3.17732064519 3.17244617235 3.17081570973 3.17244617235 3.17732064519 3.18538880561 3.1965681719 3.2107461229 3.22778260115 3.24751338504 3.26975379588 3.29430269424 3.3209466173
3.24751338504 3.21852935462 3.19179347075 3.16754628437 3.14601501524 3.12740873387 3.11191369085 3.09968897165 3.09086265228 3.0855286179 3.08374418281 3.0855286179 3.09086265228 3.09968897165 3.11191369085 3.12740873387 3.14601501524 3.16754628437 3.19179347075 3.21852935462 3.24751338504
3.17081570973 3.13929078861 3.11017665095 3.08374418281 3.06024988923 3.03993029205 3.02299648021 3.00962902598 2.99997347756 2.99413662297 2.99218369186 2.99413662297 2.99997347756 3.00962902598 3.02299648021 3.03993029205 3.06024988923 3.08374418281 3.11017665095 3.13929078861 3.17081570973
3.09086265228 3.05658579885 3.02489196594 2.99608589107 2.97045684197 2.94827211552 2.92977069332 2.91515730864 2.90459717618 2.89821161774 2.89607478296 2.89821161774 2.90459717618 2.91515730864 2.92977069332 2.94827211552 2.97045684197 2.99608589107 3.02489196594 3.05658579885 3.09086265228
3.00770512523 2.97045684197 2.93597340769 2.90459717618 2.87665390464 2.85244522805 2.83224129414 2.81627386157 2.80473016023 2.79774779015 2.79541089491 2.79774779015 2.80473016023 2.81627386157 2.83224129414 2.85244522805 2.87665390464 2.90459717618 2.93597340769 2.97045684197 3.00770512523
2.9214444086 2.88099933166 2.84351041732 2.80936161149 2.77891909476 2.75252259674 2.73047687642 2.71304372636 2.70043485346 2.69280596113 2.69025230902 2.69280596113 2.70043485346 2.71304372636 2.73047687642 2.75252259674 2.77891909476 2.80936161149 2.84351041732 2.88099933166 2.9214444086
2.83224129414 2.78837170413 2.7476588753 2.71053247454 2.67740318086 2.64865269624 2.62462393252 2.60561179555 2.59185497852 2.5835291418 2.58074179781 2.5835291418 2.59185497852 2.60561179555 2.62462393252 2.64865269624 2.67740318086 2.71053247454 2.7476588753 2.78837170413 2.83224129414
2.74032558847 2.69280596113 2.64865269624 2.60834538197 2.57234331757 2.54107407195 2.51492223894 2.49421888096 2.47923213798 2.4701594328 2.46712163218 2.4701594328 2.47923213798 2.49421888096 2.51492223894 2.54107407195 2.57234331757 2.60834538197 2.64865269624 2.69280596113 2.74032558847
2.64600557217 2.59461825217 2.54681555552 2.50313115565 2.46407701451 2.43013033873 2.40172077198 2.37921839408 2.36292307114 2.3530556396 2.3497513185 2.3530556396 2.36292307114 2.37921839408 2.40172077198 2.43013033873 2.46407701451 2.50313115565 2.54681555552 2.59461825217 2.64600557217
2.54967686136 2.49421888096 2.44257206984 2.39532817996 2.3530556396 2.31628476017 2.28549325045 2.26109269584 2.24341661397 2.23271061306 2.22912506854 2.23271061306 2.24341661397 2.26109269584 2.28549325045 2.31628476017 2.3530556396 2.39532817996 2.44257206984 2.49421888096 2.54967686136
2.45182995923 2.39212093086 2.33645753009 2.28549325045 2.2398563603 2.20013322134 2.16685203635 2.14046777801 2.12134897299 2.10976689367 2.10588756975 2.10976689367 2.12134897299 2.14046777801 2.16685203635 2.20013322134 2.2398563603 2.28549325045 2.33645753009 2.39212093086 2.45182995923
2.3530556396 2.28894652571 2.22912506854 2.17430965704 2.125191127 2.0824140657 2.04655874301 2.018124523 1.99751548129 1.98502877868 1.98084615836 1.98502877868 1.99751548129 2.018124523 2.04655874301 2.0824140657 2.125191127 2.17430965704 2.22912506854 2.28894652571 2.3530556396
2.25404719951 2.18542960722 2.12134897299 2.06259103664 2.00991105286 1.9640129743 1.92552956655 1.89500441855 1.8728766063 1.85946851399 1.85497707425 1.85946851399 1.8728766063 1.89500441855 1.92552956655 1.9640129743 2.00991105286 2.06259103664 2.12134897299 2.18542960722 2.25404719951
2.15559859135 2.0824140657 2.01402279319 1.95127943561 1.89500441855 1.8459609068 1.8048331646 1.7722073823 1.74855573278 1.73422405144 1.7294232094 1.73422405144 1.74855573278 1.7722073823 1.8048331646 1.8459609068 1.89500441855 1.95127943561 2.01402279319 2.0824140657 2.15559859135
2.05859753708 1.98084615836 1.90815098465 1.84143612101 1.78158662457 1.7294232094 1.6856789815 1.65097941457 1.62582629832 1.61058585816 1.60548080592 1.61058585816 1.62582629832 1.65097941457 1.6856789815 1.7294232094 1.78158662457 1.84143612101 1.90815098465 1.98084615836 2.05859753708
1.9640129743 1.88176043664 1.8048331646 1.73422405144 1.67088082497 1.61567844191 1.56939439674 1.53268829962 1.50608637748 1.48997079454 1.48457309239 1.48997079454 1.50608637748 1.53268829962 1.56939439674 1.61567844191 1.67088082497 1.73422405144 1.8048331646 1.88176043664 1.9640129743
1.8728766063 1.78625891184 1.70524065579 1.6308816187 1.56418877877 1.50608637748 1.45739006506 1.41878664452 1.39081993801 1.37388224114 1.3682100238 1.37388224114 1.39081993801 1.41878664452 1.45739006506 1.50608637748 1.56418877877 1.6308816187 1.70524065579 1.78625891184 1.8728766063
1.78625891184 1.69548390247 1.61058585816 1.53268829962 1.46285265562 1.40204600121 1.35111435161 1.31076322019 1.28154577848 1.26385751018 1.25793516973 1.26385751018 1.28154577848 1.31076322019 1.35111435161 1.40204600121 1.46285265562 1.53268829962 1.61058585816 1.69548390247 1.78625891184
1.70524065579 1.61058585816 1.52208603126 1.44092411674 1.3682100238 1.30494606221 1.25199972157 1.21008572749 1.17975747288 1.16140599555 1.15526324825 1.16140599555 1.17975747288 1.21008572749 1.25199972157 1.30494606221 1.3682100238 1.44092411674 1.52208603126 1.61058585816 1.70524065579
1.6308816187 1.53268829962 1.44092411674 1.35682608265 1.28154577848 1.21611252805 1.16140599555 1.1181403935 1.08686011427 1.06794410018 1.06161442943 1.06794410018 1.08686011427 1.1181403935 1.16140599555 1.21611252805 1.28154577848 1.35682608265 1.44092411674 1.53268829962 1.6308816187
1.56418877877 1.46285265562 1.3682100238 1.28154577848 1.2040459473 1.13675868728 1.08056699675 1.0361756175 1.00411162486 0.984735059876 0.978253648786 0.984735059876 1.00411162486 1.0361756175 1.08056699675 1.13675868728 1.2040459473 1.28154577848 1.3682100238 1.46285265562 1.56418877877
1.50608637748 1.40204600121 1.30494606221 1.21611252805 1.13675868728 1.06794410018 1.01054765356 0.965257504856 0.932577087226 0.912842516059 0.906243920597 0.912842516059 0.932577087226 0.965257504856 1.01054765356 1.06794410018 1.13675868728 1.21611252805 1.30494606221 1.40204600121 1.50608637748
1.45739006506 1.35111435161 1.25199972157 1.16140599555 1.08056699675 1.01054765356 0.952217535508 0.906243920597 0.873103252895 0.853105334032 0.846421265795 0.853105334032 0.873103252895 0.906243920597 0.952217535508 1.01054765356 1.08056699675 1.16140599555 1.25199972157 1.35111435161 1.45739006506
1.41878664452 1.31076322019 1.21008572749 1.1181403935 1.0361756175 0.965257504856 0.906243920597 0.859780450412 0.826316852518 0.80613744621 0.799395087943 0.80613744621 0.826316852518 0.859780450412 0.906243920597 0.965257504856 1.0361756175 1.1181403935 1.21008572749 1.31076322019 1.41878664452
1.39081993801 1.28154577848 1.17975747288 1.08686011427 1.00411162486 0.932577087226 0.873103252895 0.826316852518 0.792645075961 0.772350951876 0.765572181985 0.772350951876 0.792645075961 0.826316852518 0.873103252895 0.932577087226 1.00411162486 1.08686011427 1.17975747288 1.28154577848 1.39081993801
1.37388224114 1.26385751018 1.16140599555 1.06794410018 0.984735059876 0.912842516059 0.853105334032 0.80613744621 0.772350951876 0.751994740378 0.74519648267 0.751994740378 0.772350951876 0.80613744621 0.853105334032 0.912842516059 0.984735059876 1.06794410018 1.16140599555 1.26385751018 1.37388224114
1.3682100238 1.25793516973 1.15526324825 1.06161442943 0.978253648786 0.906243920597 0.846421265795 0.799395087943 0.765572181985 0.74519648267 0.738392151402 0.74519648267 0.765572181985 0.799395087943 0.846421265795 0.906243920597 0.978253648786 1.06161442943 1.15526324825 1.25793516973 1.3682100238
1.37388224114 1.26385751018 1.16140599555 1.06794410018 0.984735059876 0.912842516059 0.853105334032 0.80613744621 0.772350951876 0.751994740378 0.74519648267 0.751994740378 0.772350951876 0.80613744621 0.853105334032 0.912842516059 0.984735059876 1.06794410018 1.16140599555 1.26385751018 1.37388224114
1.39081993801 1.28154577848 1.17975747288 1.08686011427 1.00411162486 0.932577087226 0.873103252895 0.826316852518 0.792645075961 0.772350951876 0.765572181985 0.772350951876 0.792645075961 0.826316852518 0.873103252895 0.932577087226 1.00411162486 1.08686011427 1.17975747288 1.28154577848 1.39081993801
1.41878664452 1.31076322019 1.21008572749 1.1181403935 1.0361756175 0.965257504856 0.906243920597 0.859780450412 0.826316852518 0.80613744621 0.799395087943 0.80613744621 0.826316852518 0.859780450412 0.906243920597 0.965257504856 1.0361756175 1.1181403935 1.21008572749 1.31076322019 1.41878664452
1.45739006506 1.35111435161 1.25199972157 1.16140599555 1.08056699675 1.01054765356 0.952217535508 0.906243920597 0.873103252895 0.853105334032 0.846421265795 0.853105334032 0.873103252895 0.906243920597 0.952217535508 1.01054765356 1.08056699675 1.16140599555 1.25199972157 1.35111435161 1.45739006506
1.50608637748 1.40204600121 1.30494606221 1.21611252805 1.13675868728 1.06794410018 1.01054765356 0.965257504856 0.932577087226 0.912842516059 0.906243920597 0.912842516059 0.932577087226 0.965257504856 1.01054765356 1.06794410018 1.13675868728 1.21611252805 1.30494606221 1.40204600121 1.50608637748
1.56418877877 1.46285265562 1.3682100238 1.28154577848 1.2040459473 1.13675868728 1.08056699675 1.0361756175 1.00411162486 0.984735059876 0.978253648786 0.984735059876 1.00411162486 1.0361756175 1.08056699675 1.13675868728 1.2040459473 1.28154577848 1.3682100238 1.46285265562 1.56418877877
1.6308816187 1.53268829962 1.44092411674 1.35682608265 1.28154577848 1.21611252805 1.16140599555 1.1181403935 1.08686011427 1.06794410018 1.06161442943 1.06794410018 1.08686011427 1.1181403935 1.16140599555 1.21611252805 1.28154577848 1.35682608265 1.44092411674 1.53268829962 1.6308816187
1.70524065579 1.61058585816 1.52208603126 1.44092411674 1.3682100238 1.30494606221 1.25199972157 1.21008572749 1.17975747288 1.16140599555 1.15526324825 1.16140599555 1.17975747288 1.21008572749 1.25199972157 1.30494606221 1.3682100238 1.44092411674 1.52208603126 1.61058585816 1.70524065579
1.78625891184 1.69548390247 1.61058585816 1.53268829962 1.46285265562 1.40204600121 1.35111435161 1.31076322019 1.28154577848 1.26385751018 1.25793516973 1.26385751018 1.28154577848 1.31076322019 1.35111435161 1.40204600121 1.46285265562 1.53268829962 1.61058585816 1.69548390247 1.78625891184
1.8728766063 1.78625891184 1.70524065579 1.6308816187 1.56418877877 1.50608637748 1.45739006506 1.41878664452 1.39081993801 1.37388224114 1.3682100238 1.37388224114 1.39081993801 1.41878664452 1.45739006506 1.50608637748 1.56418877877 1.6308816187 1.70524065579 1.78625891184 1.8728766063
1.9640129743 1.88176043664 1.8048331646 1.73422405144 1.67088082497 1.61567844191 1.56939439674 1.53268829962 1.50608637748 1.48997079454 1.48457309239 1.48997079454 1.50608637748 1.53268829962 1.56939439674 1.61567844191 1.67088082497 1.73422405144 1.8048331646 1.88176043664 1.9640129743
2.05859753708 1.98084615836 1.90815098465 1.84143612101 1.78158662457 1.7294232094 1.6856789815 1.65097941457 1.62582629832 1.61058585816 1.60548080592 1.61058585816 1.62582629832 1.65097941457 1.6856789815 1.7294232094 1.78158662457 1.84143612101 1.90815098465 1.98084615836 2.05859753708
2.15559859135 2.0824140657 2.01402279319 1.95127943561 1.89500441855 1.8459609068 1.8048331646 1.7722073823 1.74855573278 1.73422405144 1.7294232094 1.73422405144 1.74855573278 1.7722073823 1.8048331646 1.8459609068 1.89500441855 1.95127943561 2.01402279319 2.0824140657 2.15559859135
2.25404719951 2.18542960722 2.12134897299 2.06259103664 2.00991105286 1.9640129743 1.92552956655 1.89500441855 1.8728766063 1.85946851399 1.85497707425 1.85946851399 1.8728766063 1.89500441855 1.92552956655 1.9640129743 2.00991105286 2.06259103664 2.12134897299 2.18542960722 2.25404719951
2.3530556396 2.28894652571 2.22912506854 2.17430965704 2.125191127 2.0824140657 2.04655874301 2.018124523 1.99751548129 1.98502877868 1.98084615836 1.98502877868 1.99751548129 2.018124523 2.04655874301 2.0824140657 2.125191127 2.17430965704 2.22912506854 2.28894652571 2.3530556396
2.45182995923 2.39212093086 2.33645753009 2.28549325045 2.2398563603 2.20013322134 2.16685203635 2.14046777801 2.12134897299 2.10976689367 2.10588756975 2.10976689367 2.12134897299 2.14046777801 2.16685203635 2.20013322134 2.2398563603 2.28549325045 2.33645753009 2.39212093086 2.45182995923
2.54967686136 2.49421888096 2.44257206984 2.39532817996 2.3530556396 2.31628476017 2.28549325045 2.26109269584 2.24341661397 2.23271061306 2.22912506854 2.23271061306 2.24341661397 2.26109269584 2.28549325045 2.31628476017 2.3530556396 2.39532817996 2.44257206984 2.49421888096 2.54967686136
2.64600557217 2.59461825217 2.54681555552 2.50313115565 2.46407701451 2.43013033873 2.40172077198 2.37921839408 2.36292307114 2.3530556396 2.3497513185 2.3530556396 2.36292307114 2.37921839408 2.40172077198 2.43013033873 2.46407701451 2.50313115565 2.54681555552 2.59461825217 2.64600557217
2.74032558847 2.69280596113 2.64865269624 2.60834538197 2.57234331757 2.54107407195 2.51492223894 2.49421888096 2.47923213798 2.4701594328 2.46712163218 2.4701594328 2.47923213798 2.49421888096 2.51492223894 2.54107407195 2.57234331757 2.60834538197 2.64865269624 2.69280596113 2.74032558847
2.83224129414 2.78837170413 2.7476588753 2.71053247454 2.67740318086 2.64865269624 2.62462393252 2.60561179555 2.59185497852 2.5835291418 2.58074179781 2.5835291418 2.59185497852 2.60561179555 2.62462393252 2.64865269624 2.67740318086 2.71053247454 2.7476588753 2.78837170413 2.83224129414